3874686996
844642184
3386096836
3643474902
2186670377
236423209
2468975121
2563270102
3243554360
3280505521
2237315396
588527420
1675929879
787370056
384929950
2151878433
2001946075
561295497
929007313
3450151326
2568760187
1782767294
3574393072
2868195115
3600512166
1789895747
1089301093
3734408592
3687823413
4194061452
3249312811
2161654920
453352724
2123516972
1257257853
4211037834
1597948007
3394412212
507388723
4261144542
1156169216
3869720363
2731087094
452243048
3104507176
1082749883
335610636
2411780672
1515409889
2327361590
