0 6 8 1 2 2
1 4 10 0 0 0
2 0 7 0 0 0
1 2 3 0 6 8
0 0 0 1 4 10
0 0 0 2 0 7
0 1 2 1 1 8
0 3 5 1 3 12
0 4 7 2 6 7
0 2 10 1 2 18
0 7 3 1 7 9
0 9 4 2 9 14
0 0 8 1 0 15
0 5 6 1 5 13
0 8 2 2 8 10
0 6 1 1 6 11
0 4 12 1 4 20
0 2 14 2 2 22
0 7 18 1 7 23
0 9 20 2 9 24
0 1 6 1 1 16
0 3 9 2 3 19
0 6 8 1 6 17
0 8 6 1 8 12
0 5 10 2 5 20
0 2 5 1 2 13
0 7 7 2 7 15
0 9 9 1 9 18
0 0 11 1 0 19
0 4 15 2 4 23
0 6 4 1 6 14
0 8 8 1 8 19
0 3 20 1 3 24
0 7 22 2 7 24
0 9 1 1 9 11
0 5 2 2 5 14
1 2 4 2 2 10
1 6 6 2 6 16
1 8 5 2 8 13
1 1 9 2 1 18
1 3 11 2 3 20
1 5 12 2 5 19
1 7 8 2 7 14
1 9 10 2 9 17
1 4 3 2 4 12
1 6 2 2 6 11
1 8 7 2 8 15
1 2 16 2 2 23
1 0 13 2 0 20
1 3 14 2 3 22
1 5 18 2 5 24
1 7 19 2 7 23
1 9 21 2 9 24
1 1 22 2 1 24
1 4 9 2 4 18
1 6 15 2 6 21
