0 0 2 5 2
0 1 4 1 10
0 3 6 7 6
0 2 8 2 12
0 4 10 9 10
0 6 14 6 18
0 8 16 8 20
0 0 18 4 18
0 5 20 9 20
0 2 22 2 24
1 0 1 5 1
1 2 3 2 7
1 4 5 8 5
1 6 7 6 12
1 8 9 8 14
1 1 11 5 11
1 3 13 3 18
1 7 15 9 15
1 0 17 4 17
1 5 19 9 19
2 0 0 4 0
2 1 2 1 6
2 3 4 7 4
2 2 6 2 10
2 4 8 8 8
2 6 10 6 14
2 8 12 8 16
2 0 14 4 14
2 5 16 9 16
2 2 18 2 20
0 0 3 3 3
0 4 7 4 9
0 6 11 6 13
0 8 15 8 17
0 1 19 1 23
1 0 2 4 2
1 2 6 6 6
1 4 10 4 14
1 6 12 8 12
1 8 16 8 20
2 1 1 5 1
2 3 5 3 9
2 5 7 7 7
2 7 11 7 13
2 9 15 9 19
2 0 17 4 17
2 2 19 2 23
2 4 21 8 21
2 6 23 6 24
